2798650	2020	7867281	
2798728	4016	7057472
2798728	4016	7215944
2798728	4016	7455946
2798728	4016	7637137
2798728	4016	7688438	
2800222	4017	6979356
2800222	4017	7101654
2800222	4017	7196686
2800222	4017	7668036
2785156	4033	7092126
2785156	4033	7144652
2785156	4033	7281747
2785156	4033	7616875		
2785640	4034	7060325
2785640	4034	7313092
2785640	4034	7764852		
2790559	4035	7059019
2790559	4035	7070103
2790559	4035	7207165
2790559	4035	7289133
2790559	4035	7746311		
2793513	4039	7041331		
2794024	4038	7074749
2794024	4038	7395204
2794024	4038	7559006
2794024	4038	7727529
2769764	4026	6998219
2769764	4026	7059514
2769764	4026	7091257
2769764	4026	7237031
2769764	4026	7637056		
2770881	4027	6979328
2770881	4027	7153938
2770881	4027	7517522		
2775127	4028	7064503
2775127	4028	7267391
2775127	4028	7585975		
2776733	4029	7037556
2776733	4029	7182237
2776733	4029	7299724
2776733	4029	7633460
2776733	4029	7735988		
2777234	4030	7037652
2764402	4025	7029301
2732506	4009	7005839
2732506	4009	7546395		
2737002	4010	7095349
2737002	4010	7319743
2737002	4010	7461903
2737002	4010	7674219		
2738147	4011	7017958
2738147	4011	7212409
2738147	4011	7391783
2738147	4011	7405574
2738147	4011	7620874		
2747450	4012	7002008
2747450	4012	7124940
2747450	4012	7232713
2747450	4012	7807917		
2749490	4013	6991683
2749490	4013	7119885
2749490	4013	7546521
2704918	4006	7049289
2704918	4006	7299713
2704918	4006	7668054		
2709906	1002	7629471		
2718186	4007	7057234
2718186	4007	7364604
2718186	4007	7774644
2693838	236	7759809		
2695259	954	7962026
2695259	954	8021442		
2700100	4005	6990117
2700100	4005	7147769
2700100	4005	7317802
2687852	4004	5351825
2687852	4004	6979121
2687852	4004	7310280
2663253	3089	6895001
2663253	3089	6975206
2663253	3089	7241191		
2665193	4002	6993690
2665193	4002	7114413
2665193	4002	7462053
2665193	4002	7690102		
2675523	4003	7056445
2675523	4003	7098464
2630801	252	7512676
2630801	252	7605554		
2634271	3088	6979344
2634271	3088	7267552		
2638224	1004	7825630
2612645	6037	5170004
2612645	6037	7026305		
2613060	6038	6676147
2613060	6038	6755538
2585238	3083	5345062
2585238	3083	5432457
2585238	3083	6671718
2585238	3083	6894964		
2590977	936	7612736
2567979	3085	7056731
2567979	3085	7300385
2567979	3085	7472675
2567979	3085	7691907		
256995	3086	4794616
256995	3086	7037345
256995	3086	7122455
256995	3086	7395569
256995	3086	7715466
256995	3086	7796137
256995	3086	7821730		
2570068	3087	7059282
2570068	3087	7202822
2570068	3087	7348852
2570068	3087	7508859		
2570860	856	7274871
2570860	856	7408494		
2573770	706	6856903
2573770	706	7168117
2573770	706	7742697	
2578710	7097	7794342
2522263	3097	6909883
2522263	3097	7024601		
2535810	3098	7060180
2535810	3098	7954885		
2559986	3099	4980521
2559986	3099	5130119
2559986	3099	6990174
2559986	3099	7247271
2559986	3099	7727336		
2563411	4000	6676081
2563411	4000	7070253
2563411	4000	7347003
2563411	4000	7406097		
2563452	4001	6979283
2563452	4001	7267493
2563452	4001	7821145
2502411	3095	7054852
2491143	38	7739190		
2495334	992	7573029
2495334	992	7777766		
2497841	3094	6980796
2497841	3094	7211031
2497841	3094	7553530
2497841	3094	7828524		
2499308	167	7395537
2499308	167	7722471
2499308	167	7912415
2482553	635	7402511
2482553	635	7830446
2470729	3093	7064286
2470729	3093	7114244
2470729	3093	7396879
2470729	3093	7438787
2470729	3093	7790909		
2471615	2060	7926653
2440360	7086	7633497
2462022	3092	4462310
2462022	3092	4473234
2462022	3092	7072282
2435265	616	5188023
2435265	616	6686994
2435265	616	6882175
2435265	616	7226868
2435265	616	7655050
2435265	616	7910718
2435265	616	8026103		
2436800	3090	7065188
2436800	3090	7281947
2436800	3090	7455050
2436800	3090	7626812






******************FOUND in MRI_Martel***********************************************
**Found in MRI MARTEL
470302	149	7096065
1034022	644	5250838
1051762	575	6739507
1080658	608	6682678
1099860	850	6911221 
1077784	928	7615953
1077784	928	7877629		
1077769	150	6709005
1077769	150	7014589
1077769	150	7186554
1054084	6226	4446689
1054084	6226	4622545
1069324	7184	4881890
1076009	6227	7014476
1155194	7188	4336291
1165429	6232	7053434
1214321	7189	7285506
1218504	7190	7013378
1218504	7190	7152652
1232718	7191	4827635
1259503	7193	7201946
1263118	7194	7177548
2038729	463	6738163
2086254	7222	7155457
2331677	881	4093981
2331677	881	4224304
2462022	3092	4462310
2462022	3092	4473234
820151	3039	3816227
820151	3039	4139646
822694	3038	4645780
1054446	3006	4440789
1026011	3002	4384790
1003160	3000	4604309
1077769	150	7821100
1075470	331	7347095
1075470	331	7449713
1075470	331	7472636
1075470	331	7689842
1054446	3006	4440789
1054446	3006	5064607
1054446	3006	6748514
1054446	3006	6988757
1054446	3006	7314364
1054446	3006	7910264		
1048368	14	7010613
1048368	14	7347261
1048368	14	7688463		
1047417	3005	4974097
1047417	3005	5057668
1047417	3005	5190086
1047417	3005	5267836
1047417	3005	6692106
1047417	3005	6757337			
1040676	6224	7884579		
1031531	3004	3912776
1031531	3004	4375227
1031531	3004	4785791
1031531	3004	5139199
1031531	3004	6691339
1031531	3004	7002023
1031531	3004	7122489
1031531	3004	7368076
1031531	3004	7691918
1031531	3004	7763649		
1026011	3002	3071749
1026011	3002	4384790
1026011	3002	4962585
1026011	3002	7166289
1012651	7053	7956343
1012651	7053	8007458
1012651	7053	8007444
1003517	3001	4986541
1003517	3001	5028445
1003517	3001	6681272		
1003160	3000	4546854
1003160	3000	4604309
621479	3020	7395195
5625415	3028	6991592
2147029	7220	7396787	
2147029	7220	7396787	
2147029	7220	7631363	
2147029	7220	7808032	
2122690	211	7943692	
2102368	389	6797209	
2102368	389	7014574	
2102368	389	7207596	
2102368	389	7701548	
2094068	7221	7026569	
2086254	7222	7065200	
2086254	7222	7155457	
2086254	7222	7418036	
2086254	7222	7515968	
2073587	929	7596228	
2057894	7223	7038613	
2057894	7223	7347240	
2057894	7223	7658776	
2053416	902	7393648	
2053416	902	7962770	
2050968	7224	7019802	
2050968	7224	7350634	
2005337	6051	6818790	
2005337	6051	6989560	
2005337	6051	7050459	
2005337	6051	7528463	
1107079	3008	7216133	
1107079	3008	7630743	
1088581	3007	4881748	
1088581	3007	6801339	
1088581	3007	7174522	
1088581	3007	7605726	
1085061	737	7266179	
1085061	737	7559022	
1082605	942	6747341	
1082605	942	7212690	
1082605	942	7433099	
1082605	942	7659322	
5625415	3028	6991592	
1107079	3008	7216133	
1107079	3008	7630743	
1088581	3007	4881748	
1088581	3007	6801339	
1088581	3007	7174522	
1088581	3007	7605726	
1085061	737	7266179	
1085061	737	7559022	
1082605	942	6747341	
1082605	942	7212690	
1082605	942	7433099	
1082605	942	7659322	
1081272	7032	7959602	
1069324	7184	4881890	
1076009	6227	7014476	
1165429	6232	7053434	
1218504	7190	7152652	
1232718	7191	4827635	
1259503	7193	7201946	
2038729	463	6738163	
2086254	7222	7155457	
2331677	881	4224304	
1003160	3000	4546854	
1075470	331	7347095	
1054446	3006	4440789	
1047417	3005	4974097	
1047417	3005	5057668	
1047417	3005	5190086	
1047417	3005	5267836	
1047417	3005	6692106	
1047417	3005	6757337	
1031531	3004	3912776	
1031531	3004	4375227	
1031531	3004	4785791	
1031531	3004	7691918	
1026011	3002	4384790	
1012651	7053	7956343	
1003160	3000	4546854	
1003160	3000	4604309
516358	540	5356974

*****************NOT IS ASOSUNB************************
**Not found in ASOSUNB
2822263	3071	7060172
2822263	3071	7357896	
281427	3078	5363758
281427	3078	7058919
2794039	4037	7089982
336833	3061	7025862
440971	3057	7151310
1004173	7181	7471919
1040676	6224	4719384
1054084	6226	4446689
1054084	6226	4622545
1068486	7183	6907407
1068486	7183	7733939
1069324	7184	3017360
1108210	6230	7187901
1117266	7185	7064562
1155194	7188	2995590
1155194	7188	4336291
1155194	7188	7080697
1179374	6234	3325912
1179374	6234	3366144
1179374	6234	7340431
1214321	7189	7285506
1218504	7190	7013378
1263118	7194	7177548
660601	3017	7014437
2607991	6036	5141884	
820151	3039	3628156	
1054446	3006	4725303	
1031531	3004	2952104	
1031531	3004	3096252	
1031531	3004	3189869	
1031531	3004	3527689	
1026011	3002	6728749	
1003517	3001	456597	
5625415	3028	7026596
5647044	3026	6868261
5647044	3026	6894995
910086	3032	7128055
873921	3034	6979086
848116	3035	7047166
848116	3035	7308512
837591	3036	2952084
820151	3039	3628156
820151	3039	3643219
820151	3039	3671163
5530958	3045	7149704
5530958	3045	7340439
5451835	3050	7074970


*********************DONE***************************
**Done
2807556	4023	7037125
2801064	4018	6983262
660601	3017	7092913
660601	3017	7243504
1004173	7181	4713258
1004173	7181	4853819
1004173	7181	4870076
1004173	7181	5199378
1004173	7181	7091789
1004173	7181	7281652
1008219	6223	6771907
1008219	6223	7043947
1015360	805	7347334
1015360	805	7666134
1024903	7178	7074874
1033617	7179	7056436
1033617	7179	7314401
1033617	7179	7661781
1034022	644	7058472
1034779	948	7529983
1039534	7182	7061292
1040676	6224	4391347
1040676	6224	4559525
1040676	6224	4881842
1040676	6224	5062338
1040676	6224	6736766
1040676	6224	7037673
1040676	6224	7103950
1040676	6224	7231905
1040676	6224	7826013
1046150	774	6988873
1047417	3005	4974097
1047417	3005	5190086
1047417	3005	5057668
1047417	3005	5267836
1047417	3005	6692106
1047417	3005	6757337
1051762	575	6981766
1054084	6226	4914936
1054084	6226	5073946
1054084	6226	6718391
1054084	6226	6901910
1054084	6226	6950392
1061560	945	7463172
1064100	74	7347269
1064100	74	7745517
1068486	7183	6948693
1068486	7183	7271574
1068486	7183	7404761
1069324	7184	4881890
1069324	7184	6739512
1069324	7184	6791512
1069324	7184	6975224
1069324	7184	7420191
1069324	7184	7477592
1076009	6227	7014476
1077004	6228	6774716
1077004	6228	6888730
1077004	6228	7077974
1077004	6228	7554568
1077186	965	7662532
1080658	608	7037379
1080658	608	7228543
1080658	608	7600131
1091528	6229	7103911
1099860	850	7328306
1105236	12	7393329
1108210	6230	7106905
1110967	166	7772913
1114997	140	7896318
1117266	7185	7267371
1117266	7185	7600789
1122673	7186	5263507
1122673	7186	6712857
1122673	7186	6890617
1131808	7187	6938025
1131808	7187	7066828
1131808	7187	7374442
1131808	7187	7710427
1135118	993	7626482
1135418	7135	7827452
1135758	6231	6810089
1135758	6231	6965155
1155194	7188	4902112
1165429	6232	7053434
1171824	6233	7047121
1171824	6233	7067673
1171824	6233	7153899
1171824	6233	7305391
1171824	6233	7416490
1173529	105	6895015
1179081	908	7801893
1179081	908	7827413
1179374	6234	7072241
1179374	6234	7577642
1183292	135	7144752
1183292	135	7698203
1183292	135	7764176
1183292	135	7777131
1183292	135	7853099
1186289	937	7695232
1186916	962	7487209
1204397	6235	7057436
1204397	6235	7174883
1204397	6235	7313516
1214321	7189	7068978
1214321	7189	7097358
1214321	7189	7638717
1218504	7190	7152652
1228699	231	6980777
1228699	231	7419530
1228699	231	7596674
1230199	6045	5463455
1230199	6045	6731326
1232718	7191	4827635
1232718	7191	5210621
1232718	7191	7059407
1232718	7191	7438644
1232718	7191	7807880
1236177	7192	6979104
1236177	7192	7163620
1236177	7192	7314317
1236177	7192	7722336
1236177	7192	7974056
1236177	7192	8014554
1247005	7088	7794782
1259503	7193	6990194
1259503	7193	7201946
1259503	7193	7347138
1259503	7193	7450224
1259503	7193	7512848
1259503	7193	7676785
1263118	7194	7092141
1263118	7194	7267538
1263118	7194	7664581
1276698	467	5130086
1276698	467	6988942
1276698	467	7531871
1276698	467	7828746
1280559	7195	7092170
1280559	7195	7314328
1280559	7195	7671839
165588	6238	7028895
2009570	7196	6979186
2009570	7196	7139351
2009570	7196	7776984
2018923	7197	7059671
2018923	7197	7404301
2018923	7197	7626753
963982	6105	7114115
867511	6113	6724756
867511	6113	6989887
867511	6113	7189154
838092	6118	4343241
838092	6118	4693108
819703	6119	4440785
2653002     7035 5225212
2723576     7027 6654267
2723576     7027 6681139
2730472     6064 6710266
2607786	7043	6730464
2021846     7018 7126978
2607786     7043 7404100
641633	6133	4578386
606062	6135	6701712
606062	6135	7216122
600295	6136	4452223
2730993	7156	6694341
2730993	7156	6951547
2691430	6165	5383248
2693587	817	6810913
2685392	2047	6971473
2691430	6165	7263255
5375878	6142	4224229
2579382	6174	6828438
2545784	6177	5270291
2545784	6177	6731308
2474664	7168	6713288
2439897	6184	7433556
2424650	7169	4641089
2407089	6189	4770139
2390190	7170	4544351
235871	6192	6738612
2350564	6194	4755782
2350564	6194	5442942
2350564	6194	6667712
2350564	6194	6999771
2349756	562	6767135
2263401	6076	7181638
2224153	524	7144644
2163997	6201	4807103
2155254	532	7078182
2037850	6209	7263738
162021	7180	7139063
162022	7180	7607296
1219733	6218	5266974
1219733	6218	6699424
1219733	6218	7315686
1218330	6219	6688714
1214872	6220	4728859
1196690	257	7159794
1149506	476	7151322
1111122	7176	6760751
1111122	7176	7279221
2332052	580	7184014
984094	6101	5112437
715762	6128	4822868
2439897	6184	4387796
2020266	6211	4700857
1214872	6220	4412817
2022785	7198	7006400
2022785	7198	7187921
2022785	7198	7353316
2022785	7198	7665441
2024905	7199	7014215
2024905	7199	7323987
2024905	7199	7709063
2024905	7199	7978296
2030983	7200	7061472
2038729	463	5445220
2038729	463	6738163
2038729	463	7044030
2038729	463	7626269
2038729	463	7731488
2039410	7201	5041620
2039410	7201	6938043
2011296	679	5022436
2331677	881	4093981
2331677	881	4224304
2316485	7202	6950353
2316485	7202	7088451
2316485	7202	7609774
2289908	7203	7106623
2414045	7204	7014305
2414045	7204	7186572
2414045	7204	7644941
2409776	7205	6979227
2409776	7205	7181795
2402758	6240	6747697
2402758	6240	7037698
2402758	6240	7388544
2402758	6240	7715496
2354713	7206	7094657
2351649	7207	7240625
2332052	580	7657983
2326872	7208	7057506
2326872	7208	7338916
2324422	7209	6810076
2324422	7209	7009659
2324422	7209	7169274
2324422	7209	7543566
2285919	7210	7056749
2285919	7210	7555445
2285868	7211	6979239
2285868	7211	7324241
2285868	7211	7572915
2272370	159	7404561
2255011	510	6705073
2255011	510	7001945
2255011	510	7367993
2255011	510	7526012
2255011	510	7662547
2255011	510	7823400
2253202	7212	7022124
2253202	7212	7380470
2253202	7212	7618284
2247751	1021	7666618
2247591	551	5175233
2247591	551	6992565
2247591	551	7078146
2247591	551	7616577
2242984	26	7608051
2230484	7213	7053884
2230484	7213	7323934
2226058	7214	6979196
2226058	7214	7267497
2226058	7214	7424200
2226058	7214	7463612
2226058	7214	7632456
2224154	7215	7066443
2223839	969	7566010
2223839	969	7827327
2221271	658	6990138
2202821	7216	7037351
2202821	7216	7398194
2202821	7216	7608461
2192036	473	7763317
2181396	7217	6914294
2181396	7217	7066992
2181396	7217	7232716
2181396	7217	7860259
2180841	7218	7005140
2180841	7218	7172029
2180841	7218	7396886
2180766	7219	6979177
2180766	7219	7324366
2180766	7219	7798707
2160452	7010	7777996
2147029	7220	7014608
2147029	7220	7288789
2147029	7220	7396787
2147029	7220	7631363
2147029	7220	7808032
2122690	211	7943692
2102368	389	6797209
2102368	389	7014574
2102368	389	7207596
2102368	389	7701548
2094068	7221	7026569
2086254	7222	7065200
2086254	7222	7155457
2086254	7222	7418036
2086254	7222	7515968
2073587	929	7596228
2057894	7223	7038613
2057894	7223	7347240
2057894	7223	7658776
2053416	902	7393648
2053416	902	7962770
2050968	7224	7019802
2050968	7224	7350634
2005337	6051	6818790
2005337	6051	6989560
2005337	6051	7050459
2005337	6051	7528463
1107079	3008	7216133
1107079	3008	7630743
1088581	3007	4881748
1088581	3007	6801339
1088581	3007	7174522
1088581	3007	7605726		
1085061	737	7266179
1085061	737	7559022		
1082605	942	6747341
1082605	942	7212690
1082605	942	7433099
1082605	942	7659322		
1081272	7032	7959602
938788	3030	7642998
894069	7105	7837892
848116	3035	7002031
848116	3035	7145247
822694	3038	4645780
820151	3039	3816227
820151	3039	4139646
820151	3039	6894870
822283	401	5276293
822283	401	6733041
5554114	528	6689564
5524692	3046	7682447
5499072	3048	7056499








660601	3017	7299734 skipped
*******************
660601	3017	7423539
660601	3017	7627786	
690942	852	6975315		
705492	3016	7097189
705492	3016	7131278		
706181	3015	7098530
706181	3015	7441563
720229	3014	5466918
720229	3014	7059368
732026	3013	6878643
732026	3013	6954677
732026	3013	7605423		
761245	3012	4392551
761245	3012	4785778
761245	3012	5076018
761245	3012	6988547
761245	3012	7312986
761245	3012	7667915		
764672	3011	6898308
764672	3011	7033693
764672	3011	7190568
764672	3011	7660382		
2762954	3010	6828446
2762954	3010	6937516
2762954	3010	7223168		
2812649	3009	7013654		
2474664	7168	7955419			
2703808	7011	7852913		
364271	6066	7688783		
1107079	3008	6716399
1107079	3008	6982373


***Adding to biomatrix series table ERROR***
1003160	3000	5017560
1003160	3000	5394219
1003160	3000	6731256
629737	21	7350668
650070	916	7732877		
652791	3019	7011103
621479	3020	5043859
621479	3020	6938189
621479	3020	7120348
621479	3020	7495321
594969	3022	5391423
594969	3022	6911233
942112	68	7105405		
954297	7096	7659347		
957564	790	7240647
957564	790	7785768
5620133	3029	7014362
5625415	3028	7128975
5642718	3027	7014244
5642718	3027	7077992
5642718	3027	7313078
5642718	3027	7652412
5647044	3026	6830523
5647044	3026	7199321
5647044	3026	7554550
938788	3030	7037684
938788	3030	7105385
938788	3030	7748561
938788	3030	7781244
914510	3031	7106716
910086	3032	7110850
873921	3034	4988039
873921	3034	5212279
873921	3034	7587044
863491	221	7929627		
867299	6114	7699661
848116	3035	4767227
837591	3036	7079670
822694	3038	6938198
822694	3038	7389732
836032	3037	7000758
836032	3037	7425723
836032	3037	7787100
820151	3039	6914464
820151	3039	6947365
820151	3039	7114227
820151	3039	7470034
820151	3039	7615308
822283	401	7048989
822283	401	7438734
822283	401	7873560
5612633	176	7818550
5541648	3042	4957329
5541648	3042	7037537	
5554114	528	7078158
5554114	528	7395527
5554114	528	7730976
5524687	3047	5083578
5524687	3047	5130658
5524687	3047	6662308
5524687	3047	6810080
5524687	3047	7404782
5524687	3047	7408515		
5524692	3046	7728733
5530958	3045	6885313
5530958	3045	6922501
5530958	3045	7050605
5530958	3045	7644962		
5531753	3044	7072020
5531753	3044	7088456
5531753	3044	7324195
5499072	3048	7121577
5499072	3048	7267559
5499072	3048	7766071
5489311	3049	7076137
5489311	3049	7511378
5489311	3049	7695856	
5490383	1025	7479068
5490383	1025	7956902
5419841	3052	7100200
5419841	3052	7158324	
5429284	3051	6989861
5429284	3051	7171183
5429284	3051	7366813
5429284	3051	7630770	
5451835	3050	7277966
5451835	3050	7134502
5370365	6144	7798680	
5374530	7110	7508633		
5374633	3053	7449310
5374633	3053	7041483
5238469	3054	5098151
5238469	3054	5126895
5238469	3054	6714946
5238469	3054	6850132
5238469	3054	7040109	
5246961	433	6988882
5246961	433	7565153
5111531	3056	7103989	
5142356	6096	7423535
516358	540	6809868
516358	540	7353294
516358	540	7596332
5214350	3055	7060620
5214350	3055	7086844
5214350	3055	7416868
5214350	3055	7742700
5214350	3055	7801821
5214350	3055	7958492
440971	3057	7098623
440971	3057	7128799
440971	3057	7347177
440971	3057	7705938
470302	149	7347105
336833	3061	7362950
336833	3061	7430221
336833	3061	7731403	
381405	877	7404792
381405	877	7430202
381405	877	7664799
315130	3059	7099993
301947	3065	7037223
2825785	3070	7085188
2825785	3070	7123553	
2826571	3069	7072348
2826571	3069	7191278	
2828594	3068	7074950
2814219	3079	7014239
2814219	3079	7436467
2814219	3079	7744271	
281427	3078	4836946
281427	3078	6839817
2812584	4045	7092118
2812584	4045	7324282
2812584	4045	7672981
2811516	4048	7002741
2811516	4048	7138863	
2811587	4047	7009608
2811587	4047	7029219
2811246	4044	7066571
2811246	4044	7079659
2811246	4044	7114130
2811246	4044	7554587
2811246	4044	7720151
2808681	4041	7003893
2808681	4041	7016256	
2809347	4042	7056474
2809347	4042	7228467
2809347	4042	7417081
2806104	997	7029375
2806104	997	7279207	
2806932	4022	7014398
2806932	4022	7367840
2806932	4022	7664831	
2807556	4023	7054912
2807556	4023	7152678
2807556	4023	7257079
2807556	4023	7283435
2807556	4023	7456514
2801064	4018	7110863	
2803409	25	7322763
2803409	25	7459034
2803409	25	7751960	
2803997	4019	7105432
2803997	4019	7151338
2803997	4019	7275795
2803997	4019	7397052
2794039	4037	7299682
2796518	4036	7079424	
































